10734
10706
10702
10690
10665
10641
10625
10602
10593
10572
10552
10536
10420
10404
10363
10319
10316
10315
10302
10301
10288
10256
10235
10202
10193
10191
10190
10188
10146
10145
10070
01235
01085
01081
01051
01020
11001
11002
11003
11004
11005
11006
11007
11008
11009
11010
11014
11015
11016
11017
11018
11019
11020
11021
11022
11023
11024
11025
11026
11027
11028
11029
11030
11031
11032
11034
11037
11043
11044
11046
11048
11049
11050
11051
11052
11058
11059
11060
11061
11064
11065
11066
11067
11069
11070
11073
11075
11077
11078
11080
11081
11083
11084
11085
11086
11087
11088
11089
11090
11091
11092
11093
11094
11095
11096
11097
11098
11099
11100
11101
11102
11103
11104
11105
11106
11107
11108
11109
11110
11111
11113
11115
11121
11122
11123
11124
11125
11126
11127
11128
11129
11130
11131
11132
11133
11134
11135
11136
11137
11138
11139
11140
11141
11142
11143
11150
11152
11153
11154
11155
11157
11158
11159
11160
11161
11162
11163
11164
11165
11166
11167
11168
11169
11170
11171
11172
11173
11174
11175
11176
11177
11184
11185
11186
11187
11188
11189
11190
11191
11192
11193
11194
11195
11198
11199
11200
11201
11202
11204
11205
11206
11207
11208
11209
11210
11211
11212
11213
11214
11215
11216
11219
11221
11222
11223
11224
11225
11226
11227
11228
11229
11230
11231
11232
11233
11234
11235
11236
11237
11238
11239
11240
11241
11242
11243
11246
11247
11248
11249
11253
11255
11260
11261
11262
11263
11264
11265
11266
11267
11268
11269
11270
11271
11272
11273
11274
11275
11276
11277
11278
11279
11280
11281
11282
11283
11284
11285
11286
11287
11288
11289
11290
11291
11292
11293
11294
11295
11296
11297
11298
11299
11300
11301
11302
11303
11304
11305
11306
11307
11308
11309
11310
11311
11312
11313
11314
11315
11316
11317
11318
11319
11321
11322
11323
11324
11325
11327
11328
11330
11331
11333
11334
11335
11336
11340
11341
11342
11343
11344
11345
11346
11347
11348
11349
11350
11351
11353
11354
11355
11358
11359
11360
11361
11362
11363
11364
11365
11367
11369
11370
11373
11374
11375
11376
11377
11378
11379
11380
11381
11382
11383
11384
11385
11386
11387
11388
11389
11390
11391
11392
11393
11394
11395
11396
11398
11399
11400
11401
11402
11404
11405
11407
11408
11410
11411
11412
11413
11415
11418
11419
11420
11421
11422
11423
11424
11425
11426
11427
11428
11429
11430
11431
11432
11433
11434
11435
11436
11437
11438
11439
11441
11443
11444
11445
11446
11447
11448
11449
11450
11451
11452
11453
11454
11455
11456
11457
11458
11459
11460
11461
11462
11463
11464
11465
11466
11467
11468
11469
11470
11471
11472
11473
11474
11475
11477
11478
11479
11481
11482
11483
11484
11485
11486
11487
11488
11489
11490
11491
11495
11496
11497
11498
11499
11500
11502
11503
11504
11505
11506
11507
11508
11509
11510
11511
11512
11513
11514
11516
11517
11518
11519
11520
11521
11523
11524
11525
11526
11527
11528
11529
11530
11532
11533
11534
11535
11536
11537
11538
11539
11540
11541
11542
11543
11544
11545
11546
11547
11548
11549
11550
11551
11552
11553
11554
11555
11556
11557
11558
11559
11560
11561
11562
11563
11564
11565
11566
11567
11568
11569
11570
11571
11572
11573
11574
11575
11576
11577
11578
11580
11583
11584
11585
11586
11587
11588
11589
11590
11591
11592
11593
11594
11596
11597
11598
11599
11600
11601
11602
11603
11604
11605
11606
11607
11608
11609
11610
11611
11612
11613
11614
11615
11616
11617
11618
11619
11620
11621
11622
11623
11624
11625
11626
11627
11628
11629
11630
11631
11632
11633
11635
11636
11637
11638
11639
11640
11641
11642
11643
11645
11646
11647
11648
11650
11651
11652
11653
11654
11655
11656
11657
11658
11659
11660
11661
11662
11663
11664
11668